lam = [0.012,0.102,0.843,16.52];
trans_prob = log([0.99999,0.06;0.000001,0.94])